Type	N	R	Capacities	Total Weight	Computed Value	Time Consuming
01WeaklyCorrelated	50	1000	14239	14232	15768	0.0	
01WeaklyCorrelated	50	1000	11793	11791	13214	0.0	
01WeaklyCorrelated	50	1000	13570	13569	15065	0.0	
01WeaklyCorrelated	50	1000	13214	13206	14805	0.01562952995300293	
01WeaklyCorrelated	50	1000	12263	12258	13349	0.0	

01WeaklyCorrelated	50	10000	142283	142272	157504	0.0	
01WeaklyCorrelated	50	10000	117821	117805	131925	0.015625953674316406	
01WeaklyCorrelated	50	10000	135607	135598	150517	0.0	
01WeaklyCorrelated	50	10000	132031	131960	147878	0.015747547149658203	
01WeaklyCorrelated	50	10000	122529	122484	133350	0.015645742416381836	

01WeaklyCorrelated	100	1000	29017	29013	31064	0.0	
01WeaklyCorrelated	100	1000	25391	25389	27624	0.0	
01WeaklyCorrelated	100	1000	27381	27380	29321	0.0	
01WeaklyCorrelated	100	1000	26811	26809	29073	0.0	
01WeaklyCorrelated	100	1000	23881	23876	26954	0.0	

01WeaklyCorrelated	100	10000	289961	289895	310315	0.0	
01WeaklyCorrelated	100	10000	253672	253639	275879	0.01565694808959961	
01WeaklyCorrelated	100	10000	273625	273600	292954	0.0	
01WeaklyCorrelated	100	10000	267913	267889	290405	0.015615701675415039	
01WeaklyCorrelated	100	10000	238613	238608	269212	0.0	

01WeaklyCorrelated	200	1000	51563	51563	56976	0.01569533348083496	
01WeaklyCorrelated	200	1000	48106	48102	53514	0.0	
01WeaklyCorrelated	200	1000	49000	48999	54414	0.0	
01WeaklyCorrelated	200	1000	50855	50852	55912	0.0	
01WeaklyCorrelated	200	1000	49428	49423	55297	0.0	

01WeaklyCorrelated	200	10000	515200	515196	569063	0.01558995246887207	
01WeaklyCorrelated	200	10000	480612	480606	534452	0.0	
01WeaklyCorrelated	200	10000	489583	489574	543550	0.0	
01WeaklyCorrelated	200	10000	508116	508067	558430	0.0	
01WeaklyCorrelated	200	10000	493884	493859	552283	0.0	

01WeaklyCorrelated	500	1000	127278	127276	139258	0.015627622604370117	
01WeaklyCorrelated	500	1000	123764	123764	138098	0.0	
01WeaklyCorrelated	500	1000	125404	125404	138191	0.0	
01WeaklyCorrelated	500	1000	125125	125125	138011	0.015618085861206055	
01WeaklyCorrelated	500	1000	128232	128232	141480	0.0	

01WeaklyCorrelated	500	10000	1271685	1271685	1390993	0.015605688095092773	
01WeaklyCorrelated	500	10000	1236477	1236468	1379237	0.0	
01WeaklyCorrelated	500	10000	1252990	1252988	1380281	0.0	
01WeaklyCorrelated	500	10000	1250149	1250137	1378349	0.01560354232788086	
01WeaklyCorrelated	500	10000	1281236	1281217	1413134	0.0	

01WeaklyCorrelated	1000	1000	245972	245972	273052	0.0	
01WeaklyCorrelated	1000	1000	254777	254777	279824	0.0	
01WeaklyCorrelated	1000	1000	249752	249751	275159	0.0	
01WeaklyCorrelated	1000	1000	246057	246057	271807	0.0	
01WeaklyCorrelated	1000	1000	251539	251539	277640	0.015630722045898438	

01WeaklyCorrelated	1000	10000	2457533	2457528	2727089	0.015602588653564453	
01WeaklyCorrelated	1000	10000	2545476	2545474	2794566	0.015597820281982422	
01WeaklyCorrelated	1000	10000	2495400	2495392	2748296	0.015587329864501953	
01WeaklyCorrelated	1000	10000	2458372	2458364	2714722	0.0	
01WeaklyCorrelated	1000	10000	2513202	2513194	2773016	0.031226396560668945	

01WeaklyCorrelated	2000	1000	498452	498452	552506	0.015616416931152344	
01WeaklyCorrelated	2000	1000	497847	497846	550884	0.015590429306030273	
01WeaklyCorrelated	2000	1000	497105	497104	549459	0.015630006790161133	
01WeaklyCorrelated	2000	1000	493654	493654	545401	0.0	
01WeaklyCorrelated	2000	1000	503127	503127	553276	0.04684948921203613	

01WeaklyCorrelated	2000	10000	4980108	4980107	5518106	0.01700901985168457	
01WeaklyCorrelated	2000	10000	4973901	4973899	5501823	0.0	
01WeaklyCorrelated	2000	10000	4966724	4966724	5487933	0.031246185302734375	
01WeaklyCorrelated	2000	10000	4932118	4932115	5447310	0.015638351440429688	
01WeaklyCorrelated	2000	10000	5026818	5026814	5525963	0.0449976921081543	

01WeaklyCorrelated	5000	1000	1249257	1249257	1378225	0.0670008659362793	
01WeaklyCorrelated	5000	1000	1240984	1240984	1369664	0.07412958145141602	
01WeaklyCorrelated	5000	1000	1241987	1241987	1369254	0.049048423767089844	
01WeaklyCorrelated	5000	1000	1233433	1233433	1365046	0.09376811981201172	
01WeaklyCorrelated	5000	1000	1244508	1244508	1373858	0.06251740455627441	

01WeaklyCorrelated	5000	10000	12481621	12481621	13765053	0.28733015060424805	
01WeaklyCorrelated	5000	10000	12398689	12398687	13679207	0.09374833106994629	
01WeaklyCorrelated	5000	10000	12408798	12408796	13675504	0.05653524398803711	
01WeaklyCorrelated	5000	10000	12323304	12323304	13633046	0.07810592651367188	
01WeaklyCorrelated	5000	10000	12433986	12433985	13721409	0.06250452995300293	

01WeaklyCorrelated	10000	1000	2480964	2480964	2743167	0.5616214275360107	
01WeaklyCorrelated	10000	1000	2467916	2467916	2729934	1.6681053638458252	
01WeaklyCorrelated	10000	1000	2466930	2466930	2729764	0.3027033805847168	
01WeaklyCorrelated	10000	1000	2480159	2480159	2740770	1.264221429824829	
01WeaklyCorrelated	10000	1000	2477289	2477289	2737398	0.31214308738708496	

01WeaklyCorrelated	10000	10000	24787545	24787545	27397375	0.28597044944763184	
01WeaklyCorrelated	10000	10000	24656800	24656800	27264641	0.34377598762512207	
01WeaklyCorrelated	10000	10000	24647054	24647054	27263253	0.44043397903442383	
01WeaklyCorrelated	10000	10000	24779487	24779487	27373503	0.40625596046447754	
01WeaklyCorrelated	10000	10000	24750843	24750843	27339642	0.2968752384185791	

