Type	N	R	Capacities	Total Weight	Computed Value	Time Consuming
04AlmostStronglyCorrelated	50	1000	14239	14238	17556	0.01999831199645996	
04AlmostStronglyCorrelated	50	1000	11793	11792	16410	0.0010280609130859375	
04AlmostStronglyCorrelated	50	1000	13570	13569	19495	3.018434524536133	
04AlmostStronglyCorrelated	50	1000	13214	13214	19933	0.001994609832763672	
04AlmostStronglyCorrelated	50	1000	12263	12263	19683	0.09603095054626465	
04AlmostStronglyCorrelated	50	10000	142283	142283	183812	7.55504846572876	
04AlmostStronglyCorrelated	50	10000	117821	117821	169221	180.02982378005981	
04AlmostStronglyCorrelated	50	10000	135607	135607	200188	0.015997886657714844	
04AlmostStronglyCorrelated	50	10000	132031	132030	203710	140.44177532196045	
04AlmostStronglyCorrelated	50	10000	122529	122529	200688	0.11228752136230469	
04AlmostStronglyCorrelated	100	1000	29017	29016	68498	0.00701141357421875	
04AlmostStronglyCorrelated	100	1000	25391	25391	63505	0.160142183303833	
04AlmostStronglyCorrelated	100	1000	27381	27380	67284	0.3013432025909424	
04AlmostStronglyCorrelated	100	1000	26811	26811	67131	29.37344765663147	
04AlmostStronglyCorrelated	100	1000	23881	23881	63030	9.974799871444702	
04AlmostStronglyCorrelated	100	10000	289961	289961	431615	18.314988613128662	
04AlmostStronglyCorrelated	100	10000	253672	253672	403002	0.19773483276367188	
04AlmostStronglyCorrelated	100	10000	273625	273624	440953	180.04017424583435	
04AlmostStronglyCorrelated	100	10000	267913	267913	447435	0.03200387954711914	
04AlmostStronglyCorrelated	100	10000	238613	238613	422218	1.2606654167175293	
04AlmostStronglyCorrelated	200	1000	51563	51560	143188	0.01901721954345703	
04AlmostStronglyCorrelated	200	1000	48106	48106	138620	153.60122227668762	
04AlmostStronglyCorrelated	200	1000	49000	49000	141621	180.0263376235962	
04AlmostStronglyCorrelated	200	1000	50855	50855	146275	180.04781556129456	
04AlmostStronglyCorrelated	200	1000	49428	49428	144973	45.910828590393066	
04AlmostStronglyCorrelated	200	10000	515200	515197	833619	180.02479100227356	
04AlmostStronglyCorrelated	200	10000	480612	480611	820059	180.02300262451172	
04AlmostStronglyCorrelated	200	10000	489583	489582	862114	180.06058502197266	
04AlmostStronglyCorrelated	200	10000	508116	508116	910772	0.03899717330932617	
04AlmostStronglyCorrelated	200	10000	493884	493884	919154	156.72210907936096	
04AlmostStronglyCorrelated	500	1000	127278	127278	361281	180.0232002735138	
04AlmostStronglyCorrelated	500	1000	123764	123764	358225	0.05999898910522461	
04AlmostStronglyCorrelated	500	1000	125404	125403	363892	180.0833797454834	
04AlmostStronglyCorrelated	500	1000	125125	125125	365837	180.09779930114746	
04AlmostStronglyCorrelated	500	1000	128232	128232	374740	180.09188604354858	
04AlmostStronglyCorrelated	500	10000	1271685	1271685	2079506	180.0289351940155	
04AlmostStronglyCorrelated	500	10000	1236477	1236477	2111301	180.0111882686615	
04AlmostStronglyCorrelated	500	10000	1252990	1252990	2198776	4.021803855895996	
04AlmostStronglyCorrelated	500	10000	1250149	1250149	2253066	180.01326274871826	
04AlmostStronglyCorrelated	500	10000	1281236	1281236	2361240	16.351555824279785	
04AlmostStronglyCorrelated	1000	1000	245972	245972	747035	5.723894119262695	
04AlmostStronglyCorrelated	1000	1000	254777	254777	769585	7.046561241149902	
04AlmostStronglyCorrelated	1000	1000	249752	249752	764190	180.016375541687	
04AlmostStronglyCorrelated	1000	1000	246057	246055	761707	180.01917219161987	
04AlmostStronglyCorrelated	1000	1000	251539	251539	778054	0.10327386856079102	
04AlmostStronglyCorrelated	1000	10000	2457533	2457533	4187833	180.06421661376953	
04AlmostStronglyCorrelated	1000	10000	2545476	2545476	4439229	180.00983500480652	
04AlmostStronglyCorrelated	1000	10000	2495400	2495400	4495867	180.01445198059082	
04AlmostStronglyCorrelated	1000	10000	2458372	2458372	4567177	180.00467491149902	
04AlmostStronglyCorrelated	1000	10000	2513202	2513202	4766785	112.14109015464783	
04AlmostStronglyCorrelated	2000	1000	498452	498452	1544179	0.3071587085723877	
04AlmostStronglyCorrelated	2000	1000	497847	497847	1553470	0.3520035743713379	
04AlmostStronglyCorrelated	2000	1000	497105	497104	1561401	180.00759959220886	
04AlmostStronglyCorrelated	2000	1000	493654	493654	1563368	2.8570291996002197	
04AlmostStronglyCorrelated	2000	1000	503127	503127	1591428	0.49920034408569336	
04AlmostStronglyCorrelated	2000	10000	4980108	4980108	8586221	5.470317602157593	
04AlmostStronglyCorrelated	2000	10000	4973901	4973901	8844349	180.00331711769104	
04AlmostStronglyCorrelated	2000	10000	4966724	4966724	9076803	180.00286293029785	
04AlmostStronglyCorrelated	2000	10000	4932118	4932118	9261827	180.01297068595886	
04AlmostStronglyCorrelated	2000	10000	5026818	5026818	9615828	180.0037398338318	
04AlmostStronglyCorrelated	5000	1000	1249257	1249257	3610494	35.52189564704895	
04AlmostStronglyCorrelated	5000	1000	1240984	1240984	3622428	180.0042381286621	
04AlmostStronglyCorrelated	5000	1000	1241987	1241987	3650811	180.0043170452118	
04AlmostStronglyCorrelated	5000	1000	1233433	1233433	3659047	180.05849742889404	
04AlmostStronglyCorrelated	5000	1000	1244508	1244508	3705474	180.0079391002655	
04AlmostStronglyCorrelated	5000	10000	12481621	12481621	20879893	180.04150533676147	
04AlmostStronglyCorrelated	5000	10000	12398689	12398689	21497635	180.00342774391174	
04AlmostStronglyCorrelated	5000	10000	12408798	12408798	22164426	12.49807357788086	
04AlmostStronglyCorrelated	5000	10000	12323304	12323303	22645519	180.00288009643555	
04AlmostStronglyCorrelated	5000	10000	12433986	12433986	23379493	180.00558161735535	
04AlmostStronglyCorrelated	10000	1000	2480964	2480964	7489645	180.4393002986908	
04AlmostStronglyCorrelated	10000	1000	2467916	2467916	7516395	125.71237277984619	
04AlmostStronglyCorrelated	10000	1000	2466930	2466907	7564408	180.00616693496704	
04AlmostStronglyCorrelated	10000	1000	2480159	2480159	7638791	180.00584053993225	
04AlmostStronglyCorrelated	10000	1000	2477289	2477289	7679287	180.00906443595886	
04AlmostStronglyCorrelated	10000	10000	24787545	24787487	42466014	180.00587844848633	
04AlmostStronglyCorrelated	10000	10000	24656800	24656714	43682075	180.0062973499298	
04AlmostStronglyCorrelated	10000	10000	24647054	24647054	44936608	180.02008295059204	
04AlmostStronglyCorrelated	10000	10000	24779487	24779487	46274112	180.00797510147095	
04AlmostStronglyCorrelated	10000	10000	24750843	24750841	47343190	180.00503659248352	
