Type	N	R	Capacities	Total Weight	Computed Value	Time Consuming
06UncorrelatedWithSimilarWeights	50	1000	2476727	2476727	2476727	0.8087894916534424	
06UncorrelatedWithSimilarWeights	50	1000	2476607	2476607	2476607	0.8221738338470459	
06UncorrelatedWithSimilarWeights	50	1000	2476627	2476627	2476627	0.7967958450317383	
06UncorrelatedWithSimilarWeights	50	1000	2476606	2476606	2476606	0.7860078811645508	
06UncorrelatedWithSimilarWeights	50	1000	2476406	2476406	2476406	0.8070878982543945	
06UncorrelatedWithSimilarWeights	50	10000	2476727	2476727	2476727	0.7973663806915283	
06UncorrelatedWithSimilarWeights	50	10000	2476607	2476607	2476607	0.8027145862579346	
06UncorrelatedWithSimilarWeights	50	10000	2476627	2476627	2476627	0.7752721309661865	
06UncorrelatedWithSimilarWeights	50	10000	2476606	2476606	2476606	0.7864367961883545	
06UncorrelatedWithSimilarWeights	50	10000	2476406	2476406	2476406	0.8061408996582031	
06UncorrelatedWithSimilarWeights	100	1000	4952745	4952745	4952745	1.5864472389221191	
06UncorrelatedWithSimilarWeights	100	1000	4952761	4952761	4952761	1.6526894569396973	
06UncorrelatedWithSimilarWeights	100	1000	4952651	4952651	4952651	1.5985732078552246	
06UncorrelatedWithSimilarWeights	100	1000	4952898	4952898	4952898	1.651552438735962	
06UncorrelatedWithSimilarWeights	100	1000	4953050	4953050	4953050	1.5818607807159424	
06UncorrelatedWithSimilarWeights	100	10000	4952745	4952745	4952745	1.6479477882385254	
06UncorrelatedWithSimilarWeights	100	10000	4952761	4952761	4952761	1.642197608947754	
06UncorrelatedWithSimilarWeights	100	10000	4952651	4952651	4952651	1.6424932479858398	
06UncorrelatedWithSimilarWeights	100	10000	4952898	4952898	4952898	1.6827788352966309	
06UncorrelatedWithSimilarWeights	100	10000	4953050	4953050	4953050	1.649428367614746	
06UncorrelatedWithSimilarWeights	200	1000	9906016	9906016	9906016	2.292236566543579	
06UncorrelatedWithSimilarWeights	200	1000	9905870	9905870	9905870	2.2277097702026367	
06UncorrelatedWithSimilarWeights	200	1000	9906122	9906122	9906122	2.204052209854126	
06UncorrelatedWithSimilarWeights	200	1000	9905943	9905943	9905943	2.2049012184143066	
06UncorrelatedWithSimilarWeights	200	1000	9906136	9906136	9906136	2.1983399391174316	
06UncorrelatedWithSimilarWeights	200	10000	9906016	9906016	9906016	2.3182318210601807	
06UncorrelatedWithSimilarWeights	200	10000	9905870	9905870	9905870	2.4230971336364746	
06UncorrelatedWithSimilarWeights	200	10000	9906122	9906122	9906122	2.4581058025360107	
06UncorrelatedWithSimilarWeights	200	10000	9905943	9905943	9905943	2.3174920082092285	
06UncorrelatedWithSimilarWeights	200	10000	9906136	9906136	9906136	2.287193775177002	
06UncorrelatedWithSimilarWeights	500	1000	24764323	24764323	24764323	7.177437782287598	
06UncorrelatedWithSimilarWeights	500	1000	24765570	24765570	24765570	7.595513105392456	
06UncorrelatedWithSimilarWeights	500	1000	24764898	24764898	24764898	7.413419008255005	
06UncorrelatedWithSimilarWeights	500	1000	24764553	24764553	24764553	7.676393508911133	
06UncorrelatedWithSimilarWeights	500	1000	24764789	24764789	24764789	7.93535852432251	
06UncorrelatedWithSimilarWeights	500	10000	24764323	24764323	24764323	7.8706700801849365	
06UncorrelatedWithSimilarWeights	500	10000	24765570	24765570	24765570	8.150230407714844	
06UncorrelatedWithSimilarWeights	500	10000	24764898	24764898	24764898	8.53034234046936	
06UncorrelatedWithSimilarWeights	500	10000	24764553	24764553	24764553	7.8522069454193115	
06UncorrelatedWithSimilarWeights	500	10000	24764789	24764789	24764789	7.833032846450806	
06UncorrelatedWithSimilarWeights	1000	1000	49530184	49530184	49530184	13.727204322814941	
06UncorrelatedWithSimilarWeights	1000	1000	49529232	49529232	49529232	14.714806318283081	
06UncorrelatedWithSimilarWeights	1000	1000	49529661	49529661	49529661	14.835071802139282	
06UncorrelatedWithSimilarWeights	1000	1000	49529685	49529685	49529685	13.18162989616394	
06UncorrelatedWithSimilarWeights	1000	1000	49530088	49530088	49530088	13.252202033996582	
06UncorrelatedWithSimilarWeights	1000	10000	49530184	49530184	49530184	13.029041051864624	
06UncorrelatedWithSimilarWeights	1000	10000	49529232	49529232	49529232	13.404852867126465	
06UncorrelatedWithSimilarWeights	1000	10000	49529661	49529661	49529661	13.024102926254272	
06UncorrelatedWithSimilarWeights	1000	10000	49529685	49529685	49529685	13.035475969314575	
06UncorrelatedWithSimilarWeights	1000	10000	49530088	49530088	49530088	13.43745732307434	
06UncorrelatedWithSimilarWeights	2000	1000	99060132	99060132	99060132	27.271711826324463	
06UncorrelatedWithSimilarWeights	2000	1000	99059172	99059172	99059172	28.280338287353516	
06UncorrelatedWithSimilarWeights	2000	1000	99059661	99059661	99059661	28.670628547668457	
06UncorrelatedWithSimilarWeights	2000	1000	99059495	99059495	99059495	28.382654905319214	
06UncorrelatedWithSimilarWeights	2000	1000	99058645	99058645	99058645	28.56807541847229	
06UncorrelatedWithSimilarWeights	2000	10000	99060132	99060132	99060132	33.59429883956909	
06UncorrelatedWithSimilarWeights	2000	10000	99059172	99059172	99059172	29.69854712486267	
06UncorrelatedWithSimilarWeights	2000	10000	99059661	99059661	99059661	29.914459705352783	
06UncorrelatedWithSimilarWeights	2000	10000	99059495	99059495	99059495	30.661954879760742	
06UncorrelatedWithSimilarWeights	2000	10000	99058645	99058645	99058645	29.955888032913208	
06UncorrelatedWithSimilarWeights	5000	1000	247647787	247647787	247647787	80.47849607467651	
06UncorrelatedWithSimilarWeights	5000	1000	247647324	247647324	247647324	83.66358375549316	
06UncorrelatedWithSimilarWeights	5000	1000	247647110	247647110	247647110	84.7092776298523	
06UncorrelatedWithSimilarWeights	5000	1000	247649308	247649308	247649308	84.94177317619324	
06UncorrelatedWithSimilarWeights	5000	1000	247647878	247647878	247647878	88.29340529441833	
06UncorrelatedWithSimilarWeights	5000	10000	247647787	247647787	247647787	91.1970317363739	
06UncorrelatedWithSimilarWeights	5000	10000	247647324	247647324	247647324	94.96049737930298	
06UncorrelatedWithSimilarWeights	5000	10000	247647110	247647110	247647110	94.49658799171448	
06UncorrelatedWithSimilarWeights	5000	10000	247649308	247649308	247649308	94.95613741874695	
06UncorrelatedWithSimilarWeights	5000	10000	247647878	247647878	247647878	96.70248603820801	
06UncorrelatedWithSimilarWeights	10000	1000	495297133	495295943	495295943	180.01483011245728	
06UncorrelatedWithSimilarWeights	10000	1000	495297874	495297638	495297638	180.0135576725006	
06UncorrelatedWithSimilarWeights	10000	1000	495297791	495297638	495297638	180.01864218711853	
06UncorrelatedWithSimilarWeights	10000	1000	495297398	495295943	495295943	180.01673674583435	
06UncorrelatedWithSimilarWeights	10000	1000	495296949	495295943	495295943	180.01523351669312	
06UncorrelatedWithSimilarWeights	10000	10000	495297133	495295943	495295943	180.01841378211975	
06UncorrelatedWithSimilarWeights	10000	10000	495297874	495297638	495297638	180.01604747772217	
06UncorrelatedWithSimilarWeights	10000	10000	495297791	495297638	495297638	180.019061088562	
06UncorrelatedWithSimilarWeights	10000	10000	495297398	495295943	495295943	180.01745891571045	
06UncorrelatedWithSimilarWeights	10000	10000	495296949	495295943	495295943	180.01805329322815	
