Type	N	R	Capacities	Total Weight	Computed Value	Time Consuming
07SpannerUncorrelated	50	1000	4569	4569	13472	0.005998134613037109	
07SpannerUncorrelated	50	1000	6638	6624	20916	180.129221200943	
07SpannerUncorrelated	50	1000	936	933	15196	0.26409912109375	
07SpannerUncorrelated	50	1000	6758	6745	42658	183.50949478149414	
07SpannerUncorrelated	50	1000	3655	3654	32839	42.086602449417114	
07SpannerUncorrelated	50	10000	46338	46316	158760	180.03780269622803	
07SpannerUncorrelated	50	10000	66741	66718	232291	180.10684037208557	
07SpannerUncorrelated	50	10000	10013	10010	161343	0.02825641632080078	
07SpannerUncorrelated	50	10000	68756	68754	448757	180.0359241962433	
07SpannerUncorrelated	50	10000	36554	36543	344903	180.09860968589783	
07SpannerUncorrelated	100	1000	8751	8750	146628	20.299553871154785	
07SpannerUncorrelated	100	1000	11944	11942	182954	1.6048531532287598	
07SpannerUncorrelated	100	1000	1673	1670	29058	168.66388392448425	
07SpannerUncorrelated	100	1000	12733	12732	203007	64.5383996963501	
07SpannerUncorrelated	100	1000	7265	7264	124572	102.82809376716614	
07SpannerUncorrelated	100	10000	88549	88516	548725	180.0931098461151	
07SpannerUncorrelated	100	10000	120087	120077	661316	180.09042477607727	
07SpannerUncorrelated	100	10000	17815	17798	304018	180.08540511131287	
07SpannerUncorrelated	100	10000	129546	129544	1064307	180.11513471603394	
07SpannerUncorrelated	100	10000	72653	72650	874701	180.0912787914276	
07SpannerUncorrelated	200	1000	17280	17278	295154	180.07477593421936	
07SpannerUncorrelated	200	1000	25949	25949	437794	0.015624046325683594	
07SpannerUncorrelated	200	1000	3321	3320	57768	180.12693285942078	
07SpannerUncorrelated	200	1000	24625	24604	421044	180.08649468421936	
07SpannerUncorrelated	200	1000	13840	13839	237597	180.06289911270142	
07SpannerUncorrelated	200	10000	174844	174780	1289827	180.07572221755981	
07SpannerUncorrelated	200	10000	260906	260895	1576883	180.10769367218018	
07SpannerUncorrelated	200	10000	35420	35416	605272	180.07613825798035	
07SpannerUncorrelated	200	10000	250498	250488	2272527	180.08381748199463	
07SpannerUncorrelated	200	10000	138405	138362	1887583	180.04479336738586	
07SpannerUncorrelated	500	1000	42900	42893	732667	180.09500885009766	
07SpannerUncorrelated	500	1000	63375	63371	1048970	180.04686832427979	
07SpannerUncorrelated	500	1000	8273	8270	143898	175.7663562297821	
07SpannerUncorrelated	500	1000	59512	59512	1018360	180.0606894493103	
07SpannerUncorrelated	500	1000	34154	34153	586295	180.07082152366638	
07SpannerUncorrelated	500	10000	433722	433716	3069394	180.08494186401367	
07SpannerUncorrelated	500	10000	637181	637136	3747582	180.06012606620789	
07SpannerUncorrelated	500	10000	88215	88213	1507435	180.06057596206665	
07SpannerUncorrelated	500	10000	605417	605352	5461999	180.03945517539978	
07SpannerUncorrelated	500	10000	341544	341533	4581889	171.4580078125	
07SpannerUncorrelated	1000	1000	84660	84655	1446777	180.05425190925598	
07SpannerUncorrelated	1000	1000	120522	120508	2057684	180.0567126274109	
07SpannerUncorrelated	1000	1000	16650	16650	289710	0.04594159126281738	
07SpannerUncorrelated	1000	1000	117481	117475	2011037	180.0156853199005	
07SpannerUncorrelated	1000	1000	67591	67591	1160980	180.03159308433533	
07SpannerUncorrelated	1000	10000	856124	856113	6671017	180.00622415542603	
07SpannerUncorrelated	1000	10000	1211732	1211698	7856278	180.033353805542	
07SpannerUncorrelated	1000	10000	177645	177639	3036197	180.03262615203857	
07SpannerUncorrelated	1000	10000	1195110	1195090	11447776	180.03787755966187	
07SpannerUncorrelated	1000	10000	675910	675878	9312972	180.03056812286377	
07SpannerUncorrelated	2000	1000	168004	168000	2871956	180.03102087974548	
07SpannerUncorrelated	2000	1000	254127	254123	4339437	177.69305276870728	
07SpannerUncorrelated	2000	1000	32986	32985	573939	180.04202246665955	
07SpannerUncorrelated	2000	1000	235424	235424	4030432	180.02190947532654	
07SpannerUncorrelated	2000	1000	134903	134903	2317633	180.02334141731262	
07SpannerUncorrelated	2000	10000	1699424	1699406	13864112	180.03347444534302	
07SpannerUncorrelated	2000	10000	2555101	2555101	16716423	180.00604724884033	
07SpannerUncorrelated	2000	10000	352249	352247	6021053	180.01150512695312	
07SpannerUncorrelated	2000	10000	2394874	2394871	23366522	180.0137197971344	
07SpannerUncorrelated	2000	10000	1349039	1349019	18650080	180.00890398025513	
07SpannerUncorrelated	5000	1000	413032	413021	7056551	180.01457476615906	
07SpannerUncorrelated	5000	1000	633706	633703	10614502	180.05891633033752	
07SpannerUncorrelated	5000	1000	81475	81475	1417665	0.8024373054504395	
07SpannerUncorrelated	5000	1000	588999	588998	10079598	180.00775384902954	
07SpannerUncorrelated	5000	1000	339917	339917	5835491	180.02195692062378	
07SpannerUncorrelated	5000	10000	4178123	4178105	31136300	180.00485396385193	
07SpannerUncorrelated	5000	10000	6371575	6371564	38447835	180.00916457176208	
07SpannerUncorrelated	5000	10000	869304	869302	14855798	180.00677752494812	
07SpannerUncorrelated	5000	10000	5991600	5991549	55025408	180.00842452049255	
07SpannerUncorrelated	5000	10000	3399178	3399165	46166320	180.00793552398682	
07SpannerUncorrelated	10000	1000	834933	834928	14270092	180.01260685920715	
07SpannerUncorrelated	10000	1000	1253192	1253190	21396934	180.00791764259338	
07SpannerUncorrelated	10000	1000	163826	163825	2850555	180.0126039981842	
07SpannerUncorrelated	10000	1000	1184361	1184357	20273263	180.00772380828857	
07SpannerUncorrelated	10000	1000	684473	684473	11755675	8.146713495254517	
07SpannerUncorrelated	10000	10000	8445575	8445526	66874877	180.00704908370972	
07SpannerUncorrelated	10000	10000	12599995	12599992	80723096	179.9993290901184	
07SpannerUncorrelated	10000	10000	1748060	1748060	29878320	180.0139262676239	
07SpannerUncorrelated	10000	10000	12047817	12047807	114746594	180.0108516216278	
07SpannerUncorrelated	10000	10000	6844732	6844712	93907223	180.0073790550232	
